txt
32 00
115 01000
99 010010
89 010011000
83 010011001
40 01001101
67 0100111
114 01010
103 010110
45 010111
110 0110
98 01110
100 01111
10 10000
118 100010
112 1000110
107 1000111
108 10010
44 100110
87 100111000
84 1001110010
77 10011100110
122 10011100111
79 100111010
69 100111011
102 1001111
101 1010
104 10110
73 101110
39 1011110
71 1011111000
76 1011111001
120 10111110100
106 10111110101
70 101111101100
86 101111101101
-1 101111101110
68 101111101111
41 101111110
65 101111111
105 11000
116 11001
121 11010
119 110110
117 110111
109 11100
97 11101
111 1111
